26 30
8 9
7 1
26 14
7 10
7 19
18 19
22 10
3 24
7 3
7 12
26 25
15 25
22 21
18 5
26 18
7 14
18 23
7 23
22 23
7 16
18 16
2 29
6 22
3 14
17 25
9 30
22 20
17 18
7 4
6 26
2 1
10 14
2 10
17 29
25 21
13 25
29 21
28 13
2 3
9 27
29 14
22 8
24 27
6 30
17 15
5 22
17 24
9 29
6 5
22 1
6 14
13 29
24 29
17 8
28 17
5 15
6 7
1 29
5 8
20 27
17 19
21 16
20 29
17 21
6 2
6 11
17 5
28 14
12 27
23 27
2 4
5 21
13 19
12 20
17 16
12 29
13 3
1 19
5 16
13 14
17 11
9 7
12 24
1 5
19 20
30 20
1 23
24 25
23 8
12 17
26 27
12 19
30 15
23 3
26 29
12 21
12 30
27 21
1 11
12 14
12 23
27 14
18 20
12 16
30 3
11 8
30 21
8 21
4 14
19 5
30 14
11 10
18 15
26 28
22 24
7 8
